6.000000 -9.000000
5.976056 -8.760002
5.916149 -8.520005
5.833375 -8.280005
5.736172 -8.039996
5.629931 -7.799997
5.517987 -7.559999
5.402345 -7.320002
5.284125 -7.080009
5.163880 -6.840026
5.041800 -6.600064
4.917866 -6.360134
4.791990 -6.120289
4.664061 -5.880572
4.534050 -5.641066
4.402052 -5.401876
4.268333 -5.163155
4.133346 -4.925091
3.997770 -4.687948
3.862476 -4.452018
3.728535 -4.217657
3.597205 -3.985299
3.469872 -3.755411
3.348031 -3.528524
3.233242 -3.305214
3.127073 -3.086092
3.031068 -2.871802
2.946696 -2.663000
2.875308 -2.460347
2.818111 -2.264495
2.776127 -2.076073
2.750182 -1.895679
2.740885 -1.723865
2.748618 -1.561134
2.773541 -1.407927
2.815590 -1.264625
2.874493 -1.131542
2.949779 -1.008930
3.040796 -0.896978
3.146738 -0.795820
3.266658 -0.705540
3.399497 -0.626180
3.544099 -0.557746
3.699241 -0.500225
3.863647 -0.453584
4.036006 -0.417785
4.214996 -0.392790
4.399287 -0.378566
4.587565 -0.375090
4.778536 -0.382354
4.970935 -0.400359
5.163537 -0.429119
5.355171 -0.468657
5.544710 -0.518995
5.731090 -0.580153
5.913308 -0.652140
6.090436 -0.734944
6.261622 -0.828526
6.426089 -0.932810
6.583154 -1.047676
6.732222 -1.172957
6.872796 -1.308430
7.004480 -1.453815
7.126985 -1.608775
7.240124 -1.772912
7.343824 -1.945778
7.438113 -2.126876
7.523126 -2.315661
7.599095 -2.511563
7.666348 -2.713979
7.725292 -2.922298
7.776410 -3.135902
7.820241 -3.354183
7.857375 -3.576548
7.888432 -3.802432
7.914051 -4.031304
7.934872 -4.262675
7.951525 -4.496102
7.964615 -4.731190
7.974714 -4.967595
7.982347 -5.205022
7.987987 -5.443226
7.992054 -5.682007
7.994907 -5.921204
7.996849 -6.160692
7.998127 -6.400379
7.998935 -6.640194
7.999425 -6.880090
7.999708 -7.120035
7.999862 -7.360007
7.999940 -7.599995
7.999976 -7.839989
7.999991 -8.079988
7.999998 -8.319986
7.999999 -8.559985
8.000000 -8.799985
8.000000 -9.039986
8.000000 -9.279984
8.000000 -9.519985
8.000000 -9.759984
8.000000 -9.999984
