0.000000 0.365000
0.010000 0.386958
0.020000 0.408485
0.030000 0.429591
0.040000 0.450282
0.050000 0.470568
0.060000 0.490456
0.070000 0.509955
0.080000 0.529071
0.090000 0.547812
0.100000 0.566186
0.110000 0.584199
0.120000 0.601860
0.130000 0.619174
0.140000 0.636149
0.150000 0.652791
0.160000 0.669106
0.170000 0.685102
0.180000 0.700784
0.190000 0.716159
0.200000 0.731233
0.210000 0.746010
0.220000 0.760498
0.230000 0.774702
0.240000 0.788628
0.250000 0.802281
0.260000 0.815665
0.270000 0.828788
0.280000 0.841653
0.290000 0.854266
0.300000 0.866632
0.310000 0.878755
0.320000 0.890641
0.330000 0.902293
0.340000 0.913717
0.350000 0.924918
0.360000 0.935898
0.370000 0.946663
0.380000 0.957218
0.390000 0.967565
0.400000 0.977709
0.410000 0.987655
0.420000 0.997406
0.430000 1.006965
0.440000 1.016337
0.450000 1.025525
0.460000 1.034533
0.470000 1.043365
0.480000 1.052023
0.490000 1.060512
0.500000 1.068834
0.510000 1.076993
0.520000 1.084992
0.530000 1.092834
0.540000 1.100523
0.550000 1.108061
0.560000 1.115451
0.570000 1.122696
0.580000 1.129799
0.590000 1.136763
0.600000 1.143590
0.610000 1.150283
0.620000 1.156846
0.630000 1.163279
0.640000 1.169587
0.650000 1.175770
0.660000 1.181833
0.670000 1.187777
0.680000 1.193604
0.690000 1.199317
0.700000 1.204918
0.710000 1.210409
0.720000 1.215792
0.730000 1.221070
0.740000 1.226244
0.750000 1.231317
0.760000 1.236291
0.770000 1.241167
0.780000 1.245947
0.790000 1.250634
0.800000 1.255229
0.810000 1.259734
0.820000 1.264150
0.830000 1.268480
0.840000 1.272725
0.850000 1.276886
0.860000 1.280967
0.870000 1.284967
0.880000 1.288888
0.890000 1.292733
0.900000 1.296503
0.910000 1.300198
0.920000 1.303821
0.930000 1.307373
0.940000 1.310856
0.950000 1.314270
0.960000 1.317617
0.970000 1.320899
0.980000 1.324116
0.990000 1.327270
1.000000 1.330362
1.010000 1.333394
1.020000 1.336366
1.030000 1.339280
1.040000 1.342137
1.050000 1.344938
1.060000 1.347684
1.070000 1.350376
1.080000 1.353016
1.090000 1.355603
1.100000 1.358140
1.110000 1.360627
1.120000 1.363066
1.130000 1.365456
1.140000 1.367800
1.150000 1.370097
1.160000 1.372350
1.170000 1.374559
1.180000 1.376724
1.190000 1.378847
1.200000 1.380928
1.210000 1.382968
1.220000 1.384969
1.230000 1.386930
1.240000 1.388852
1.250000 1.390737
1.260000 1.392585
1.270000 1.394397
1.280000 1.396174
1.290000 1.397915
1.300000 1.399622
1.310000 1.401296
1.320000 1.402937
1.330000 1.404546
1.340000 1.406123
1.350000 1.407670
1.360000 1.409186
1.370000 1.410672
1.380000 1.412129
1.390000 1.413558
1.400000 1.414959
1.410000 1.416332
1.420000 1.417678
1.430000 1.418998
1.440000 1.420292
1.450000 1.421561
1.460000 1.422804
1.470000 1.424024
1.480000 1.425219
1.490000 1.426391
1.500000 1.427540
1.510000 1.428667
1.520000 1.429771
1.530000 1.430854
1.540000 1.431916
1.550000 1.432956
1.560000 1.433977
1.570000 1.434977
1.580000 1.435958
1.590000 1.436919
1.600000 1.437862
1.610000 1.438786
1.620000 1.439692
1.630000 1.440580
1.640000 1.441451
1.650000 1.442305
1.660000 1.443142
1.670000 1.443963
1.680000 1.444767
1.690000 1.445556
1.700000 1.446329
1.710000 1.447087
1.720000 1.447831
1.730000 1.448559
1.740000 1.449274
1.750000 1.449974
1.760000 1.450661
1.770000 1.451334
1.780000 1.451994
1.790000 1.452641
1.800000 1.453276
1.810000 1.453898
1.820000 1.454507
1.830000 1.455105
1.840000 1.455691
1.850000 1.456266
1.860000 1.456829
1.870000 1.457382
1.880000 1.457923
1.890000 1.458454
1.900000 1.458974
1.910000 1.459485
1.920000 1.459985
1.930000 1.460475
1.940000 1.460956
1.950000 1.461427
1.960000 1.461890
1.970000 1.462343
1.980000 1.462787
1.990000 1.463222
